287.44121531755275	745.3030407071202
303.3576771263505	777.2236109373043
304.74009302131566	715.113926778737
321.8270409534801	798.7236354633528
324.39868289325494	693.4864083204716
342.1643533002405	956.0082708788126
339.7086739943548	923.7073177231791
338.15925728945064	900.2677613009078
341.75994579550144	819.6534291664541
340.6587880115129	875.1599021120982
347.20361187586036	988.467576370639
342.7285748550452	851.9917372321638
345.09974052248174	672.1270479162794
355.0749410795478	1015.0371494319998
360.2067748670958	838.0469868880266
371.01493085971714	1043.4477511158384
383.10147744337377	1048.756695900944
366.88193488507903	651.9123423573742
380.993320610687	854.9648632489327
404.7815179387417	1043.7473360181718
392.2092599710388	932.3158379565899
392.14035060276143	897.3808764026194
388.74385909527007	633.5048466772594
406.90366071552717	967.2566463660505
402.7925904489773	874.0723869909202
381.95951348044326	269.47634607451903
379.52575988264573	237.67237563555284
377.9324917615651	213.2388537799468
379.35327764568467	187.040556042214
427.1297942192542	1036.3638205986783
387.5944204591276	303.7564598135865
379.7084741167146	160.05000938555872
410.67754016829537	616.7238398880557
382.2153134081397	135.10781110230482
392.3683779668794	332.538385544849
430.0718255954616	962.8831984593778
426.76702341270294	887.9743489835154
398.3321705668877	364.92879558948243
386.7553966962833	102.52192118911546
404.11178721895465	393.1445508141102
389.94777979393484	76.76593806921676
393.1379703207775	55.63247889987338
411.25956805572935	419.66647200322575
396.3851676886497	31.11895257164292
449.3784081902746	1026.721292830697
432.6949375812941	601.8404034715822
419.3846090244382	446.980892690785
407.8683918714109	7.957219232747775
452.19287181033206	950.3491348853318
450.04813891006165	901.7351891458698
426.0265324531765	474.05099834536065
435.9479153631168	500.3662331928974
471.5193868670436	1014.6390317263485
441.4293423851833	519.486912359738
454.6774531859706	586.1663127331378
431.1242595836983	5.571702192744624
473.0068202595976	931.5486330686836
470.86460549368036	912.1931539301156
449.6295572101948	541.8306706155535
457.6251320930491	559.5359235158071
493.540770772422	999.8459558038145
476.96892195007257	577.4951602750064
453.7954417469653	5.5073867823523415
496.323342453442	922.750913906933
515.4066814749926	981.5288206176391
499.23348189061176	568.2140744827828
476.4666239102323	5.443071371960059
519.3254034842228	930.186519493521
533.1163891222864	962.4488606229626
521.5697986939853	560.5594775814709
499.1378060734994	5.3787559615677765
542.2032465198116	938.7000357076092
543.9778723601931	554.5313695710704
521.8089882367664	5.314440551175494
565.0783765258643	939.365019548507
566.4856083358931	550.7622739091579
544.4801704000334	5.2501251407832115
587.8372615214844	941.2886350047843
589.0571281896679	548.4389461502775
567.1513525633004	5.185809730390929
610.5044571923718	941.1339591004524
611.7163508757959	548.1035492580668
589.8225347265674	5.121494319998874
634.0661339555115	941.7865953612495
634.4592899018971	549.6657227385858
612.4937168898344	5.057178909606591
653.0489682837637	959.3512105053369
661.7109518094219	933.7589481980358
675.4336545280107	987.8346542638244
657.2819587755922	553.0351060978953
635.1648990531014	4.992863499214309
684.1309849527689	928.0019216694537
697.9441810483763	1007.4899220587806
680.1923304816403	558.3924203238744
657.8360812163685	4.928548088822026
707.5462479526287	924.7796290313563
721.3448913171258	1023.9615770393206
703.1505400962445	564.8340604771275
680.5072633796354	4.864232678429744
726.4954394716783	953.818446320292
728.688010280505	910.0722735425837
712.1241344429149	534.6244212238768
710.4248920660742	507.78881623771167
744.5781689059282	1036.6380912744007
726.1665095559946	572.5849237870156
716.0883024652734	484.31222973066906
703.1784455429024	4.799917268037461
749.8762172785293	969.8382988311344
750.8608808963114	898.7128963897514
726.3539189921996	460.02731545210577
767.6878652309606	1046.5134301973558
749.4337166243843	586.0305062260699
739.8163037583948	438.1191479303103
725.8496277061695	4.735601857645406
772.9659811416632	979.2618352843917
772.9460486797647	885.3655883702497
755.3780750740416	417.0748533071927
790.6660073074632	1053.4068728203065
772.6988861522243	599.4299044126661
748.5208098694364	4.671286447253124
795.8564203858127	984.1673470406731
794.9674325851431	870.5725124477157
770.8959949735118	395.0365932507402
813.5205681201958	1057.4991401311322
796.055745004797	614.9075939598714
771.1919920327035	4.606971036860841
785.406115361925	373.5159887214385
813.2893515621741	982.1748981493067
811.2787641304801	866.5182496975763
819.9459965377715	950.8421842628511
818.0253045092395	916.6509427272347
814.5610426312935	894.1943401604581
798.8810291041707	351.8918113234531
836.2156692377409	1057.976987684377
828.8127528886663	843.4553282164655
819.5202391516212	632.8250168434437
793.8631741959705	4.542655626468559
812.3120914302399	329.27366849213297
852.1767874275225	1045.984555541651
847.1099556129433	833.4444485526013
843.080409115558	652.9110915815645
824.7272626148862	306.98977089966957
816.5343563592374	4.478340216076276
860.4844382221667	1024.0413068869143
854.3671656655404	873.7025733811647
860.9448780920201	894.3112772702622
835.0484242689693	283.9638795033302
866.1390783381304	998.0298161820936
866.4013895367136	807.7422033499806
866.2004703207775	915.3213677887622
870.3575845743127	972.1715130911163
870.2304154674008	941.2556800011122
865.6961790347474	674.9518764165241
850.3358916881239	256.7020298930572
839.2055385225045	4.414024805683994
860.0030692673197	242.21361057705053
887.0825147040421	785.9310404760911
886.253235700348	697.0507163923611
863.6636658949652	208.38157858145962
860.6401107495933	9.025439730808102
870.8114467317398	183.5090553261307
883.1845224551863	253.71543839091692
905.7378816214538	764.9249128263123
880.7493957322358	163.4775660040383
904.7469614253536	719.1029439369288
872.3922902849039	37.124842531180775
878.7682861969715	134.9251943158274
878.1017446710883	63.75025306247289
881.069023832367	112.31969182923365
880.1042926764832	90.45245229586976
918.2199038425977	740.8190038071615
906.0590157298172	258.2595081714402
904.1215804332904	167.62208589461125
932.5476629958704	550.3021795353104
930.5831195511616	515.1169725663593
935.6457655487422	578.4758374004086
929.2324959329245	269.5806149974276
933.6614889667543	486.7766793197902
926.9681682612635	171.53363221755785
942.8264349476494	601.0710104423031
936.8187909314645	464.89774607544587
956.2065983085138	624.0213799552273
944.0104231844157	441.0191882534517
949.6409450214825	414.4610165602969
948.6586732991282	289.4073019647102
950.0579321243976	180.95716867081524
954.1547174599202	390.62319183155125
976.5720929416806	641.7781471958983
958.8760532682601	362.14569237614535
959.1391617653193	316.7150405317093
961.1124754932632	338.08237392066064
972.4612219997497	198.18173917879824
999.681789266713	651.6534861188533
991.9893539085637	220.31939577858418
1022.6001339575204	657.1915213327113
1006.332055854503	241.72619544209454
1020.1540222333459	498.9574333625327
1020.443441580111	468.13982744476414
1025.4425030242355	534.7296646227004
1022.6272421057023	442.88375046927786
1017.9950708435878	264.6897203798717
1045.454694770253	661.283788643537
1040.9858368126265	559.9896749373347
1027.0036134401198	411.25927849386096
1030.024976014683	381.62683018395694
1025.4512733074707	291.9729021538118
1032.034832589441	357.1002458784651
1031.0701014335573	335.2330063451012
1030.207690248752	315.68501948951825
1068.1816878268355	662.484520148298
1063.9918843357868	567.5156410178622
1090.8289510358245	661.8780417742687
1086.543471727663	564.7405107892843
1113.1054704535027	652.8680374638639
1109.3781000784975	568.3809756304124
1129.7869478162934	633.8426354648979
1127.4847484670254	581.6594502148249
1136.1585585867433	605.393590706211
